(kicad_pcb (version 20171130) (host pcbnew 5.0.0-rc2-dev-unknown-ccb668c~64~ubuntu18.04.1)

  (general
    (thickness 1.6)
    (drawings 27)
    (tracks 222)
    (zones 0)
    (modules 24)
    (nets 58)
  )

  (page A4)
  (layers
    (0 F.Cu signal)
    (31 B.Cu signal)
    (32 B.Adhes user)
    (33 F.Adhes user)
    (34 B.Paste user)
    (35 F.Paste user)
    (36 B.SilkS user)
    (37 F.SilkS user)
    (38 B.Mask user)
    (39 F.Mask user)
    (40 Dwgs.User user)
    (41 Cmts.User user)
    (42 Eco1.User user)
    (43 Eco2.User user)
    (44 Edge.Cuts user)
    (45 Margin user)
    (46 B.CrtYd user)
    (47 F.CrtYd user)
    (48 B.Fab user)
    (49 F.Fab user)
  )

  (setup
    (last_trace_width 1.5)
    (trace_clearance 0.2)
    (zone_clearance 0.508)
    (zone_45_only no)
    (trace_min 0.2)
    (segment_width 0.2)
    (edge_width 0.15)
    (via_size 0.8)
    (via_drill 0.4)
    (via_min_size 0.4)
    (via_min_drill 0.3)
    (uvia_size 0.3)
    (uvia_drill 0.1)
    (uvias_allowed no)
    (uvia_min_size 0.2)
    (uvia_min_drill 0.1)
    (pcb_text_width 0.3)
    (pcb_text_size 1.5 1.5)
    (mod_edge_width 0.15)
    (mod_text_size 1 1)
    (mod_text_width 0.15)
    (pad_size 1.524 1.524)
    (pad_drill 0.762)
    (pad_to_mask_clearance 0.2)
    (aux_axis_origin 0 0)
    (visible_elements FFFFFF7F)
    (pcbplotparams
      (layerselection 0x010fc_ffffffff)
      (usegerberextensions false)
      (usegerberattributes false)
      (usegerberadvancedattributes false)
      (creategerberjobfile false)
      (excludeedgelayer true)
      (linewidth 0.100000)
      (plotframeref false)
      (viasonmask false)
      (mode 1)
      (useauxorigin false)
      (hpglpennumber 1)
      (hpglpenspeed 20)
      (hpglpendiameter 15)
      (psnegative false)
      (psa4output false)
      (plotreference true)
      (plotvalue true)
      (plotinvisibletext false)
      (padsonsilk false)
      (subtractmaskfromsilk false)
      (outputformat 1)
      (mirror false)
      (drillshape 1)
      (scaleselection 1)
      (outputdirectory ""))
  )

  (net 0 "")
  (net 1 "Net-(A2-Pad3)")
  (net 2 "Net-(A2-Pad5)")
  (net 3 "Net-(A2-Pad4)")
  (net 4 "Net-(A2-Pad6)")
  (net 5 "Net-(A3-Pad6)")
  (net 6 "Net-(A3-Pad4)")
  (net 7 "Net-(A3-Pad5)")
  (net 8 "Net-(A3-Pad3)")
  (net 9 "Net-(A4-Pad3)")
  (net 10 "Net-(A4-Pad5)")
  (net 11 "Net-(A4-Pad4)")
  (net 12 "Net-(A4-Pad6)")
  (net 13 "Net-(A2-Pad8)")
  (net 14 "Net-(A1-Pad29)")
  (net 15 "Net-(A1-Pad27)")
  (net 16 "Net-(A2-Pad12)")
  (net 17 "Net-(A2-Pad11)")
  (net 18 "Net-(A2-Pad10)")
  (net 19 "Net-(A3-Pad10)")
  (net 20 "Net-(A3-Pad11)")
  (net 21 "Net-(A3-Pad12)")
  (net 22 "Net-(A4-Pad12)")
  (net 23 "Net-(A4-Pad11)")
  (net 24 "Net-(A4-Pad10)")
  (net 25 "Net-(A2-Pad9)")
  (net 26 "Net-(A2-Pad2)")
  (net 27 "Net-(A1-Pad6)")
  (net 28 "Net-(A1-Pad5)")
  (net 29 "Net-(A1-Pad7)")
  (net 30 "Net-(A1-Pad8)")
  (net 31 "Net-(A3-Pad2)")
  (net 32 "Net-(A3-Pad9)")
  (net 33 "Net-(A4-Pad9)")
  (net 34 "Net-(A4-Pad2)")
  (net 35 "Net-(A1-Pad10)")
  (net 36 "Net-(A1-Pad9)")
  (net 37 "Net-(A1-Pad1)")
  (net 38 "Net-(A1-Pad17)")
  (net 39 "Net-(A1-Pad2)")
  (net 40 "Net-(A1-Pad18)")
  (net 41 "Net-(A1-Pad3)")
  (net 42 "Net-(A1-Pad19)")
  (net 43 "Net-(A1-Pad20)")
  (net 44 "Net-(A1-Pad21)")
  (net 45 "Net-(A1-Pad22)")
  (net 46 "Net-(A1-Pad23)")
  (net 47 "Net-(A1-Pad24)")
  (net 48 "Net-(A1-Pad25)")
  (net 49 "Net-(A1-Pad26)")
  (net 50 "Net-(A1-Pad11)")
  (net 51 "Net-(A1-Pad12)")
  (net 52 "Net-(A1-Pad28)")
  (net 53 "Net-(A1-Pad13)")
  (net 54 "Net-(A1-Pad14)")
  (net 55 "Net-(A1-Pad30)")
  (net 56 "Net-(A1-Pad15)")
  (net 57 "Net-(A1-Pad16)")

  (net_class Default "This is the default net class."
    (clearance 0.2)
    (trace_width 1.5)
    (via_dia 0.8)
    (via_drill 0.4)
    (uvia_dia 0.3)
    (uvia_drill 0.1)
    (add_net "Net-(A1-Pad1)")
    (add_net "Net-(A1-Pad10)")
    (add_net "Net-(A1-Pad11)")
    (add_net "Net-(A1-Pad12)")
    (add_net "Net-(A1-Pad13)")
    (add_net "Net-(A1-Pad14)")
    (add_net "Net-(A1-Pad15)")
    (add_net "Net-(A1-Pad16)")
    (add_net "Net-(A1-Pad17)")
    (add_net "Net-(A1-Pad18)")
    (add_net "Net-(A1-Pad19)")
    (add_net "Net-(A1-Pad2)")
    (add_net "Net-(A1-Pad20)")
    (add_net "Net-(A1-Pad21)")
    (add_net "Net-(A1-Pad22)")
    (add_net "Net-(A1-Pad23)")
    (add_net "Net-(A1-Pad24)")
    (add_net "Net-(A1-Pad25)")
    (add_net "Net-(A1-Pad26)")
    (add_net "Net-(A1-Pad27)")
    (add_net "Net-(A1-Pad28)")
    (add_net "Net-(A1-Pad29)")
    (add_net "Net-(A1-Pad3)")
    (add_net "Net-(A1-Pad30)")
    (add_net "Net-(A1-Pad5)")
    (add_net "Net-(A1-Pad6)")
    (add_net "Net-(A1-Pad7)")
    (add_net "Net-(A1-Pad8)")
    (add_net "Net-(A1-Pad9)")
    (add_net "Net-(A2-Pad10)")
    (add_net "Net-(A2-Pad11)")
    (add_net "Net-(A2-Pad12)")
    (add_net "Net-(A2-Pad2)")
    (add_net "Net-(A2-Pad3)")
    (add_net "Net-(A2-Pad4)")
    (add_net "Net-(A2-Pad5)")
    (add_net "Net-(A2-Pad6)")
    (add_net "Net-(A2-Pad8)")
    (add_net "Net-(A2-Pad9)")
    (add_net "Net-(A3-Pad10)")
    (add_net "Net-(A3-Pad11)")
    (add_net "Net-(A3-Pad12)")
    (add_net "Net-(A3-Pad2)")
    (add_net "Net-(A3-Pad3)")
    (add_net "Net-(A3-Pad4)")
    (add_net "Net-(A3-Pad5)")
    (add_net "Net-(A3-Pad6)")
    (add_net "Net-(A3-Pad9)")
    (add_net "Net-(A4-Pad10)")
    (add_net "Net-(A4-Pad11)")
    (add_net "Net-(A4-Pad12)")
    (add_net "Net-(A4-Pad2)")
    (add_net "Net-(A4-Pad3)")
    (add_net "Net-(A4-Pad4)")
    (add_net "Net-(A4-Pad5)")
    (add_net "Net-(A4-Pad6)")
    (add_net "Net-(A4-Pad9)")
  )

  (module Connector_PinSocket_2.54mm:PinSocket_1x02_P2.54mm_Vertical (layer F.Cu) (tedit 5A19A420) (tstamp 5ADDD001)
    (at 97 57.5 90)
    (descr "Through hole straight socket strip, 1x02, 2.54mm pitch, single row (from Kicad 4.0.7), script generated")
    (tags "Through hole socket strip THT 1x02 2.54mm single row")
    (path /5AD2DFC9)
    (fp_text reference J8 (at 0 -2.77 90) (layer F.SilkS)
      (effects (font (size 1 1) (thickness 0.15)))
    )
    (fp_text value Conn_01x02_Female (at 0 5.31 90) (layer F.Fab)
      (effects (font (size 1 1) (thickness 0.15)))
    )
    (fp_text user %R (at 0 1.27 180) (layer F.Fab)
      (effects (font (size 1 1) (thickness 0.15)))
    )
    (fp_line (start -1.8 4.3) (end -1.8 -1.8) (layer F.CrtYd) (width 0.05))
    (fp_line (start 1.75 4.3) (end -1.8 4.3) (layer F.CrtYd) (width 0.05))
    (fp_line (start 1.75 -1.8) (end 1.75 4.3) (layer F.CrtYd) (width 0.05))
    (fp_line (start -1.8 -1.8) (end 1.75 -1.8) (layer F.CrtYd) (width 0.05))
    (fp_line (start 0 -1.33) (end 1.33 -1.33) (layer F.SilkS) (width 0.12))
    (fp_line (start 1.33 -1.33) (end 1.33 0) (layer F.SilkS) (width 0.12))
    (fp_line (start 1.33 1.27) (end 1.33 3.87) (layer F.SilkS) (width 0.12))
    (fp_line (start -1.33 3.87) (end 1.33 3.87) (layer F.SilkS) (width 0.12))
    (fp_line (start -1.33 1.27) (end -1.33 3.87) (layer F.SilkS) (width 0.12))
    (fp_line (start -1.33 1.27) (end 1.33 1.27) (layer F.SilkS) (width 0.12))
    (fp_line (start -1.27 3.81) (end -1.27 -1.27) (layer F.Fab) (width 0.1))
    (fp_line (start 1.27 3.81) (end -1.27 3.81) (layer F.Fab) (width 0.1))
    (fp_line (start 1.27 -0.635) (end 1.27 3.81) (layer F.Fab) (width 0.1))
    (fp_line (start 0.635 -1.27) (end 1.27 -0.635) (layer F.Fab) (width 0.1))
    (fp_line (start -1.27 -1.27) (end 0.635 -1.27) (layer F.Fab) (width 0.1))
    (pad 2 thru_hole oval (at 0 2.54 90) (size 1.7 1.7) (drill 1) (layers *.Cu *.Mask)
      (net 47 "Net-(A1-Pad24)"))
    (pad 1 thru_hole rect (at 0 0 90) (size 1.7 1.7) (drill 1) (layers *.Cu *.Mask)
      (net 14 "Net-(A1-Pad29)"))
    (model ${KISYS3DMOD}/Connector_PinSocket_2.54mm.3dshapes/PinSocket_1x02_P2.54mm_Vertical.wrl
      (at (xyz 0 0 0))
      (scale (xyz 1 1 1))
      (rotate (xyz 0 0 0))
    )
  )

  (module Connector_PinSocket_2.54mm:PinSocket_1x02_P2.54mm_Vertical (layer F.Cu) (tedit 5A19A420) (tstamp 5ADDCFEC)
    (at 102.75 126.7 90)
    (descr "Through hole straight socket strip, 1x02, 2.54mm pitch, single row (from Kicad 4.0.7), script generated")
    (tags "Through hole socket strip THT 1x02 2.54mm single row")
    (path /5AD1CBB1)
    (fp_text reference J7 (at 0 -2.77 90) (layer F.SilkS)
      (effects (font (size 1 1) (thickness 0.15)))
    )
    (fp_text value Conn_01x02 (at 0 5.31 90) (layer F.Fab)
      (effects (font (size 1 1) (thickness 0.15)))
    )
    (fp_line (start -1.27 -1.27) (end 0.635 -1.27) (layer F.Fab) (width 0.1))
    (fp_line (start 0.635 -1.27) (end 1.27 -0.635) (layer F.Fab) (width 0.1))
    (fp_line (start 1.27 -0.635) (end 1.27 3.81) (layer F.Fab) (width 0.1))
    (fp_line (start 1.27 3.81) (end -1.27 3.81) (layer F.Fab) (width 0.1))
    (fp_line (start -1.27 3.81) (end -1.27 -1.27) (layer F.Fab) (width 0.1))
    (fp_line (start -1.33 1.27) (end 1.33 1.27) (layer F.SilkS) (width 0.12))
    (fp_line (start -1.33 1.27) (end -1.33 3.87) (layer F.SilkS) (width 0.12))
    (fp_line (start -1.33 3.87) (end 1.33 3.87) (layer F.SilkS) (width 0.12))
    (fp_line (start 1.33 1.27) (end 1.33 3.87) (layer F.SilkS) (width 0.12))
    (fp_line (start 1.33 -1.33) (end 1.33 0) (layer F.SilkS) (width 0.12))
    (fp_line (start 0 -1.33) (end 1.33 -1.33) (layer F.SilkS) (width 0.12))
    (fp_line (start -1.8 -1.8) (end 1.75 -1.8) (layer F.CrtYd) (width 0.05))
    (fp_line (start 1.75 -1.8) (end 1.75 4.3) (layer F.CrtYd) (width 0.05))
    (fp_line (start 1.75 4.3) (end -1.8 4.3) (layer F.CrtYd) (width 0.05))
    (fp_line (start -1.8 4.3) (end -1.8 -1.8) (layer F.CrtYd) (width 0.05))
    (fp_text user %R (at 0 1.27 180) (layer F.Fab)
      (effects (font (size 1 1) (thickness 0.15)))
    )
    (pad 1 thru_hole rect (at 0 0 90) (size 1.7 1.7) (drill 1) (layers *.Cu *.Mask)
      (net 14 "Net-(A1-Pad29)"))
    (pad 2 thru_hole oval (at 0 2.54 90) (size 1.7 1.7) (drill 1) (layers *.Cu *.Mask)
      (net 51 "Net-(A1-Pad12)"))
    (model ${KISYS3DMOD}/Connector_PinSocket_2.54mm.3dshapes/PinSocket_1x02_P2.54mm_Vertical.wrl
      (at (xyz 0 0 0))
      (scale (xyz 1 1 1))
      (rotate (xyz 0 0 0))
    )
  )

  (module Connector_PinSocket_2.54mm:PinSocket_1x02_P2.54mm_Vertical (layer F.Cu) (tedit 5A19A420) (tstamp 5ADDCFD7)
    (at 95.075 126.7 90)
    (descr "Through hole straight socket strip, 1x02, 2.54mm pitch, single row (from Kicad 4.0.7), script generated")
    (tags "Through hole socket strip THT 1x02 2.54mm single row")
    (path /5AD1CB47)
    (fp_text reference J6 (at 0 -2.77 90) (layer F.SilkS)
      (effects (font (size 1 1) (thickness 0.15)))
    )
    (fp_text value Conn_01x02 (at 0 5.31 90) (layer F.Fab)
      (effects (font (size 1 1) (thickness 0.15)))
    )
    (fp_text user %R (at 0 1.27 180) (layer F.Fab)
      (effects (font (size 1 1) (thickness 0.15)))
    )
    (fp_line (start -1.8 4.3) (end -1.8 -1.8) (layer F.CrtYd) (width 0.05))
    (fp_line (start 1.75 4.3) (end -1.8 4.3) (layer F.CrtYd) (width 0.05))
    (fp_line (start 1.75 -1.8) (end 1.75 4.3) (layer F.CrtYd) (width 0.05))
    (fp_line (start -1.8 -1.8) (end 1.75 -1.8) (layer F.CrtYd) (width 0.05))
    (fp_line (start 0 -1.33) (end 1.33 -1.33) (layer F.SilkS) (width 0.12))
    (fp_line (start 1.33 -1.33) (end 1.33 0) (layer F.SilkS) (width 0.12))
    (fp_line (start 1.33 1.27) (end 1.33 3.87) (layer F.SilkS) (width 0.12))
    (fp_line (start -1.33 3.87) (end 1.33 3.87) (layer F.SilkS) (width 0.12))
    (fp_line (start -1.33 1.27) (end -1.33 3.87) (layer F.SilkS) (width 0.12))
    (fp_line (start -1.33 1.27) (end 1.33 1.27) (layer F.SilkS) (width 0.12))
    (fp_line (start -1.27 3.81) (end -1.27 -1.27) (layer F.Fab) (width 0.1))
    (fp_line (start 1.27 3.81) (end -1.27 3.81) (layer F.Fab) (width 0.1))
    (fp_line (start 1.27 -0.635) (end 1.27 3.81) (layer F.Fab) (width 0.1))
    (fp_line (start 0.635 -1.27) (end 1.27 -0.635) (layer F.Fab) (width 0.1))
    (fp_line (start -1.27 -1.27) (end 0.635 -1.27) (layer F.Fab) (width 0.1))
    (pad 2 thru_hole oval (at 0 2.54 90) (size 1.7 1.7) (drill 1) (layers *.Cu *.Mask)
      (net 53 "Net-(A1-Pad13)"))
    (pad 1 thru_hole rect (at 0 0 90) (size 1.7 1.7) (drill 1) (layers *.Cu *.Mask)
      (net 14 "Net-(A1-Pad29)"))
    (model ${KISYS3DMOD}/Connector_PinSocket_2.54mm.3dshapes/PinSocket_1x02_P2.54mm_Vertical.wrl
      (at (xyz 0 0 0))
      (scale (xyz 1 1 1))
      (rotate (xyz 0 0 0))
    )
  )

  (module Connector_PinSocket_2.54mm:PinSocket_1x02_P2.54mm_Vertical (layer F.Cu) (tedit 5A19A420) (tstamp 5ADDCFC2)
    (at 87.4 126.7 90)
    (descr "Through hole straight socket strip, 1x02, 2.54mm pitch, single row (from Kicad 4.0.7), script generated")
    (tags "Through hole socket strip THT 1x02 2.54mm single row")
    (path /5AD1CAD2)
    (fp_text reference J5 (at 0 -2.77 90) (layer F.SilkS)
      (effects (font (size 1 1) (thickness 0.15)))
    )
    (fp_text value Conn_01x02 (at 0 5.31 90) (layer F.Fab)
      (effects (font (size 1 1) (thickness 0.15)))
    )
    (fp_line (start -1.27 -1.27) (end 0.635 -1.27) (layer F.Fab) (width 0.1))
    (fp_line (start 0.635 -1.27) (end 1.27 -0.635) (layer F.Fab) (width 0.1))
    (fp_line (start 1.27 -0.635) (end 1.27 3.81) (layer F.Fab) (width 0.1))
    (fp_line (start 1.27 3.81) (end -1.27 3.81) (layer F.Fab) (width 0.1))
    (fp_line (start -1.27 3.81) (end -1.27 -1.27) (layer F.Fab) (width 0.1))
    (fp_line (start -1.33 1.27) (end 1.33 1.27) (layer F.SilkS) (width 0.12))
    (fp_line (start -1.33 1.27) (end -1.33 3.87) (layer F.SilkS) (width 0.12))
    (fp_line (start -1.33 3.87) (end 1.33 3.87) (layer F.SilkS) (width 0.12))
    (fp_line (start 1.33 1.27) (end 1.33 3.87) (layer F.SilkS) (width 0.12))
    (fp_line (start 1.33 -1.33) (end 1.33 0) (layer F.SilkS) (width 0.12))
    (fp_line (start 0 -1.33) (end 1.33 -1.33) (layer F.SilkS) (width 0.12))
    (fp_line (start -1.8 -1.8) (end 1.75 -1.8) (layer F.CrtYd) (width 0.05))
    (fp_line (start 1.75 -1.8) (end 1.75 4.3) (layer F.CrtYd) (width 0.05))
    (fp_line (start 1.75 4.3) (end -1.8 4.3) (layer F.CrtYd) (width 0.05))
    (fp_line (start -1.8 4.3) (end -1.8 -1.8) (layer F.CrtYd) (width 0.05))
    (fp_text user %R (at 0 1.27 180) (layer F.Fab)
      (effects (font (size 1 1) (thickness 0.15)))
    )
    (pad 1 thru_hole rect (at 0 0 90) (size 1.7 1.7) (drill 1) (layers *.Cu *.Mask)
      (net 14 "Net-(A1-Pad29)"))
    (pad 2 thru_hole oval (at 0 2.54 90) (size 1.7 1.7) (drill 1) (layers *.Cu *.Mask)
      (net 56 "Net-(A1-Pad15)"))
    (model ${KISYS3DMOD}/Connector_PinSocket_2.54mm.3dshapes/PinSocket_1x02_P2.54mm_Vertical.wrl
      (at (xyz 0 0 0))
      (scale (xyz 1 1 1))
      (rotate (xyz 0 0 0))
    )
  )

  (module TerminalBlock_Phoenix:TerminalBlock_Phoenix_MPT-0,5-4-2.54_1x04_P2.54mm_Horizontal (layer F.Cu) (tedit 5A08211A) (tstamp 5B07DE31)
    (at 47.6 113.03 270)
    (descr "Terminal Block Phoenix MPT-0,5-4-2.54, 4 pins, pitch 2.54mm, size 10.620000000000001x6.2mm^2, drill diamater 1.1mm, pad diameter 2.2mm, see http://www.mouser.com/ds/2/324/ItemDetail_1725672-916605.pdf, script-generated using https://github.com/pointhi/kicad-footprint-generator/scripts/TerminalBlock_Phoenix")
    (tags "THT Terminal Block Phoenix MPT-0.5-4-2.54 pitch 2.54mm size 10.620000000000001x6.2mm^2 drill 1.1mm pad 2.2mm")
    (path /5AC28EDE)
    (fp_text reference J4 (at 3.81 -4.16 270) (layer F.SilkS)
      (effects (font (size 1 1) (thickness 0.15)))
    )
    (fp_text value Conn_01x04 (at 3.81 4.16 270) (layer F.Fab)
      (effects (font (size 1 1) (thickness 0.15)))
    )
    (fp_circle (center 0 0) (end 1.1 0) (layer F.Fab) (width 0.1))
    (fp_circle (center 2.54 0) (end 3.64 0) (layer F.Fab) (width 0.1))
    (fp_circle (center 5.08 0) (end 6.18 0) (layer F.Fab) (width 0.1))
    (fp_circle (center 7.62 0) (end 8.72 0) (layer F.Fab) (width 0.1))
    (fp_line (start -1.5 -3.1) (end 9.12 -3.1) (layer F.Fab) (width 0.1))
    (fp_line (start 9.12 -3.1) (end 9.12 3.1) (layer F.Fab) (width 0.1))
    (fp_line (start 9.12 3.1) (end -1 3.1) (layer F.Fab) (width 0.1))
    (fp_line (start -1 3.1) (end -1.5 2.6) (layer F.Fab) (width 0.1))
    (fp_line (start -1.5 2.6) (end -1.5 -3.1) (layer F.Fab) (width 0.1))
    (fp_line (start -1.5 2.6) (end 9.12 2.6) (layer F.Fab) (width 0.1))
    (fp_line (start -1.56 2.6) (end 9.18 2.6) (layer F.SilkS) (width 0.12))
    (fp_line (start -1.5 -2.7) (end 9.12 -2.7) (layer F.Fab) (width 0.1))
    (fp_line (start -1.56 -2.7) (end 9.18 -2.7) (layer F.SilkS) (width 0.12))
    (fp_line (start -1.56 -3.16) (end 9.18 -3.16) (layer F.SilkS) (width 0.12))
    (fp_line (start -1.56 3.16) (end 9.18 3.16) (layer F.SilkS) (width 0.12))
    (fp_line (start -1.56 -3.16) (end -1.56 3.16) (layer F.SilkS) (width 0.12))
    (fp_line (start 9.18 -3.16) (end 9.18 3.16) (layer F.SilkS) (width 0.12))
    (fp_line (start 0.835 -0.7) (end -0.701 0.835) (layer F.Fab) (width 0.1))
    (fp_line (start 0.701 -0.835) (end -0.835 0.7) (layer F.Fab) (width 0.1))
    (fp_line (start 3.375 -0.7) (end 1.84 0.835) (layer F.Fab) (width 0.1))
    (fp_line (start 3.241 -0.835) (end 1.706 0.7) (layer F.Fab) (width 0.1))
    (fp_line (start 5.915 -0.7) (end 4.38 0.835) (layer F.Fab) (width 0.1))
    (fp_line (start 5.781 -0.835) (end 4.246 0.7) (layer F.Fab) (width 0.1))
    (fp_line (start 8.455 -0.7) (end 6.92 0.835) (layer F.Fab) (width 0.1))
    (fp_line (start 8.321 -0.835) (end 6.786 0.7) (layer F.Fab) (width 0.1))
    (fp_line (start -1.8 2.66) (end -1.8 3.4) (layer F.SilkS) (width 0.12))
    (fp_line (start -1.8 3.4) (end -1.3 3.4) (layer F.SilkS) (width 0.12))
    (fp_line (start -2 -3.6) (end -2 3.6) (layer F.CrtYd) (width 0.05))
    (fp_line (start -2 3.6) (end 9.65 3.6) (layer F.CrtYd) (width 0.05))
    (fp_line (start 9.65 3.6) (end 9.65 -3.6) (layer F.CrtYd) (width 0.05))
    (fp_line (start 9.65 -3.6) (end -2 -3.6) (layer F.CrtYd) (width 0.05))
    (fp_text user %R (at 3.81 2 270) (layer F.Fab)
      (effects (font (size 1 1) (thickness 0.15)))
    )
    (pad 1 thru_hole rect (at 0 0 270) (size 2.2 2.2) (drill 1.1) (layers *.Cu *.Mask)
      (net 9 "Net-(A4-Pad3)"))
    (pad 2 thru_hole circle (at 2.54 0 270) (size 2.2 2.2) (drill 1.1) (layers *.Cu *.Mask)
      (net 11 "Net-(A4-Pad4)"))
    (pad 3 thru_hole circle (at 5.08 0 270) (size 2.2 2.2) (drill 1.1) (layers *.Cu *.Mask)
      (net 10 "Net-(A4-Pad5)"))
    (pad 4 thru_hole circle (at 7.62 0 270) (size 2.2 2.2) (drill 1.1) (layers *.Cu *.Mask)
      (net 12 "Net-(A4-Pad6)"))
    (model ${KISYS3DMOD}/TerminalBlock_Phoenix.3dshapes/TerminalBlock_Phoenix_MPT-0,5-4-2.54_1x04_P2.54mm_Horizontal.wrl
      (at (xyz 0 0 0))
      (scale (xyz 1 1 1))
      (rotate (xyz 0 0 0))
    )
  )

  (module TerminalBlock_Phoenix:TerminalBlock_Phoenix_MPT-0,5-4-2.54_1x04_P2.54mm_Horizontal (layer F.Cu) (tedit 5A08211A) (tstamp 5B07DE0A)
    (at 47.95 63.53 270)
    (descr "Terminal Block Phoenix MPT-0,5-4-2.54, 4 pins, pitch 2.54mm, size 10.620000000000001x6.2mm^2, drill diamater 1.1mm, pad diameter 2.2mm, see http://www.mouser.com/ds/2/324/ItemDetail_1725672-916605.pdf, script-generated using https://github.com/pointhi/kicad-footprint-generator/scripts/TerminalBlock_Phoenix")
    (tags "THT Terminal Block Phoenix MPT-0.5-4-2.54 pitch 2.54mm size 10.620000000000001x6.2mm^2 drill 1.1mm pad 2.2mm")
    (path /5AC28DE6)
    (fp_text reference J2 (at 3.81 -4.16 270) (layer F.SilkS)
      (effects (font (size 1 1) (thickness 0.15)))
    )
    (fp_text value Conn_01x04 (at 3.81 4.16 270) (layer F.Fab)
      (effects (font (size 1 1) (thickness 0.15)))
    )
    (fp_text user %R (at 3.81 2 270) (layer F.Fab)
      (effects (font (size 1 1) (thickness 0.15)))
    )
    (fp_line (start 9.65 -3.6) (end -2 -3.6) (layer F.CrtYd) (width 0.05))
    (fp_line (start 9.65 3.6) (end 9.65 -3.6) (layer F.CrtYd) (width 0.05))
    (fp_line (start -2 3.6) (end 9.65 3.6) (layer F.CrtYd) (width 0.05))
    (fp_line (start -2 -3.6) (end -2 3.6) (layer F.CrtYd) (width 0.05))
    (fp_line (start -1.8 3.4) (end -1.3 3.4) (layer F.SilkS) (width 0.12))
    (fp_line (start -1.8 2.66) (end -1.8 3.4) (layer F.SilkS) (width 0.12))
    (fp_line (start 8.321 -0.835) (end 6.786 0.7) (layer F.Fab) (width 0.1))
    (fp_line (start 8.455 -0.7) (end 6.92 0.835) (layer F.Fab) (width 0.1))
    (fp_line (start 5.781 -0.835) (end 4.246 0.7) (layer F.Fab) (width 0.1))
    (fp_line (start 5.915 -0.7) (end 4.38 0.835) (layer F.Fab) (width 0.1))
    (fp_line (start 3.241 -0.835) (end 1.706 0.7) (layer F.Fab) (width 0.1))
    (fp_line (start 3.375 -0.7) (end 1.84 0.835) (layer F.Fab) (width 0.1))
    (fp_line (start 0.701 -0.835) (end -0.835 0.7) (layer F.Fab) (width 0.1))
    (fp_line (start 0.835 -0.7) (end -0.701 0.835) (layer F.Fab) (width 0.1))
    (fp_line (start 9.18 -3.16) (end 9.18 3.16) (layer F.SilkS) (width 0.12))
    (fp_line (start -1.56 -3.16) (end -1.56 3.16) (layer F.SilkS) (width 0.12))
    (fp_line (start -1.56 3.16) (end 9.18 3.16) (layer F.SilkS) (width 0.12))
    (fp_line (start -1.56 -3.16) (end 9.18 -3.16) (layer F.SilkS) (width 0.12))
    (fp_line (start -1.56 -2.7) (end 9.18 -2.7) (layer F.SilkS) (width 0.12))
    (fp_line (start -1.5 -2.7) (end 9.12 -2.7) (layer F.Fab) (width 0.1))
    (fp_line (start -1.56 2.6) (end 9.18 2.6) (layer F.SilkS) (width 0.12))
    (fp_line (start -1.5 2.6) (end 9.12 2.6) (layer F.Fab) (width 0.1))
    (fp_line (start -1.5 2.6) (end -1.5 -3.1) (layer F.Fab) (width 0.1))
    (fp_line (start -1 3.1) (end -1.5 2.6) (layer F.Fab) (width 0.1))
    (fp_line (start 9.12 3.1) (end -1 3.1) (layer F.Fab) (width 0.1))
    (fp_line (start 9.12 -3.1) (end 9.12 3.1) (layer F.Fab) (width 0.1))
    (fp_line (start -1.5 -3.1) (end 9.12 -3.1) (layer F.Fab) (width 0.1))
    (fp_circle (center 7.62 0) (end 8.72 0) (layer F.Fab) (width 0.1))
    (fp_circle (center 5.08 0) (end 6.18 0) (layer F.Fab) (width 0.1))
    (fp_circle (center 2.54 0) (end 3.64 0) (layer F.Fab) (width 0.1))
    (fp_circle (center 0 0) (end 1.1 0) (layer F.Fab) (width 0.1))
    (pad 4 thru_hole circle (at 7.62 0 270) (size 2.2 2.2) (drill 1.1) (layers *.Cu *.Mask)
      (net 4 "Net-(A2-Pad6)"))
    (pad 3 thru_hole circle (at 5.08 0 270) (size 2.2 2.2) (drill 1.1) (layers *.Cu *.Mask)
      (net 2 "Net-(A2-Pad5)"))
    (pad 2 thru_hole circle (at 2.54 0 270) (size 2.2 2.2) (drill 1.1) (layers *.Cu *.Mask)
      (net 3 "Net-(A2-Pad4)"))
    (pad 1 thru_hole rect (at 0 0 270) (size 2.2 2.2) (drill 1.1) (layers *.Cu *.Mask)
      (net 1 "Net-(A2-Pad3)"))
    (model ${KISYS3DMOD}/TerminalBlock_Phoenix.3dshapes/TerminalBlock_Phoenix_MPT-0,5-4-2.54_1x04_P2.54mm_Horizontal.wrl
      (at (xyz 0 0 0))
      (scale (xyz 1 1 1))
      (rotate (xyz 0 0 0))
    )
  )

  (module TerminalBlock_Phoenix:TerminalBlock_Phoenix_MPT-0,5-4-2.54_1x04_P2.54mm_Horizontal (layer F.Cu) (tedit 5A08211A) (tstamp 5B07DDE3)
    (at 47.2 88.28 270)
    (descr "Terminal Block Phoenix MPT-0,5-4-2.54, 4 pins, pitch 2.54mm, size 10.620000000000001x6.2mm^2, drill diamater 1.1mm, pad diameter 2.2mm, see http://www.mouser.com/ds/2/324/ItemDetail_1725672-916605.pdf, script-generated using https://github.com/pointhi/kicad-footprint-generator/scripts/TerminalBlock_Phoenix")
    (tags "THT Terminal Block Phoenix MPT-0.5-4-2.54 pitch 2.54mm size 10.620000000000001x6.2mm^2 drill 1.1mm pad 2.2mm")
    (path /5AC28E62)
    (fp_text reference J3 (at 3.81 -4.16 270) (layer F.SilkS)
      (effects (font (size 1 1) (thickness 0.15)))
    )
    (fp_text value Conn_01x04 (at 3.81 4.16 270) (layer F.Fab)
      (effects (font (size 1 1) (thickness 0.15)))
    )
    (fp_circle (center 0 0) (end 1.1 0) (layer F.Fab) (width 0.1))
    (fp_circle (center 2.54 0) (end 3.64 0) (layer F.Fab) (width 0.1))
    (fp_circle (center 5.08 0) (end 6.18 0) (layer F.Fab) (width 0.1))
    (fp_circle (center 7.62 0) (end 8.72 0) (layer F.Fab) (width 0.1))
    (fp_line (start -1.5 -3.1) (end 9.12 -3.1) (layer F.Fab) (width 0.1))
    (fp_line (start 9.12 -3.1) (end 9.12 3.1) (layer F.Fab) (width 0.1))
    (fp_line (start 9.12 3.1) (end -1 3.1) (layer F.Fab) (width 0.1))
    (fp_line (start -1 3.1) (end -1.5 2.6) (layer F.Fab) (width 0.1))
    (fp_line (start -1.5 2.6) (end -1.5 -3.1) (layer F.Fab) (width 0.1))
    (fp_line (start -1.5 2.6) (end 9.12 2.6) (layer F.Fab) (width 0.1))
    (fp_line (start -1.56 2.6) (end 9.18 2.6) (layer F.SilkS) (width 0.12))
    (fp_line (start -1.5 -2.7) (end 9.12 -2.7) (layer F.Fab) (width 0.1))
    (fp_line (start -1.56 -2.7) (end 9.18 -2.7) (layer F.SilkS) (width 0.12))
    (fp_line (start -1.56 -3.16) (end 9.18 -3.16) (layer F.SilkS) (width 0.12))
    (fp_line (start -1.56 3.16) (end 9.18 3.16) (layer F.SilkS) (width 0.12))
    (fp_line (start -1.56 -3.16) (end -1.56 3.16) (layer F.SilkS) (width 0.12))
    (fp_line (start 9.18 -3.16) (end 9.18 3.16) (layer F.SilkS) (width 0.12))
    (fp_line (start 0.835 -0.7) (end -0.701 0.835) (layer F.Fab) (width 0.1))
    (fp_line (start 0.701 -0.835) (end -0.835 0.7) (layer F.Fab) (width 0.1))
    (fp_line (start 3.375 -0.7) (end 1.84 0.835) (layer F.Fab) (width 0.1))
    (fp_line (start 3.241 -0.835) (end 1.706 0.7) (layer F.Fab) (width 0.1))
    (fp_line (start 5.915 -0.7) (end 4.38 0.835) (layer F.Fab) (width 0.1))
    (fp_line (start 5.781 -0.835) (end 4.246 0.7) (layer F.Fab) (width 0.1))
    (fp_line (start 8.455 -0.7) (end 6.92 0.835) (layer F.Fab) (width 0.1))
    (fp_line (start 8.321 -0.835) (end 6.786 0.7) (layer F.Fab) (width 0.1))
    (fp_line (start -1.8 2.66) (end -1.8 3.4) (layer F.SilkS) (width 0.12))
    (fp_line (start -1.8 3.4) (end -1.3 3.4) (layer F.SilkS) (width 0.12))
    (fp_line (start -2 -3.6) (end -2 3.6) (layer F.CrtYd) (width 0.05))
    (fp_line (start -2 3.6) (end 9.65 3.6) (layer F.CrtYd) (width 0.05))
    (fp_line (start 9.65 3.6) (end 9.65 -3.6) (layer F.CrtYd) (width 0.05))
    (fp_line (start 9.65 -3.6) (end -2 -3.6) (layer F.CrtYd) (width 0.05))
    (fp_text user %R (at 3.81 2 270) (layer F.Fab)
      (effects (font (size 1 1) (thickness 0.15)))
    )
    (pad 1 thru_hole rect (at 0 0 270) (size 2.2 2.2) (drill 1.1) (layers *.Cu *.Mask)
      (net 8 "Net-(A3-Pad3)"))
    (pad 2 thru_hole circle (at 2.54 0 270) (size 2.2 2.2) (drill 1.1) (layers *.Cu *.Mask)
      (net 6 "Net-(A3-Pad4)"))
    (pad 3 thru_hole circle (at 5.08 0 270) (size 2.2 2.2) (drill 1.1) (layers *.Cu *.Mask)
      (net 7 "Net-(A3-Pad5)"))
    (pad 4 thru_hole circle (at 7.62 0 270) (size 2.2 2.2) (drill 1.1) (layers *.Cu *.Mask)
      (net 5 "Net-(A3-Pad6)"))
    (model ${KISYS3DMOD}/TerminalBlock_Phoenix.3dshapes/TerminalBlock_Phoenix_MPT-0,5-4-2.54_1x04_P2.54mm_Horizontal.wrl
      (at (xyz 0 0 0))
      (scale (xyz 1 1 1))
      (rotate (xyz 0 0 0))
    )
  )

  (module Capacitor_THT:C_Disc_D3.0mm_W1.6mm_P2.50mm (layer F.Cu) (tedit 5A142A3B) (tstamp 5ADD02EB)
    (at 85.25 123.55)
    (descr "C, Disc series, Radial, pin pitch=2.50mm, diameter*width=3.0*1.6mm^2, Capacitor, http://www.vishay.com/docs/45233/krseries.pdf")
    (tags "C Disc series Radial pin pitch 2.50mm  diameter 3.0mm width 1.6mm Capacitor")
    (path /5AD1C904)
    (fp_text reference C4 (at 1.25 -2.11) (layer F.SilkS)
      (effects (font (size 1 1) (thickness 0.15)))
    )
    (fp_text value 100n (at 1.25 2.11) (layer F.Fab)
      (effects (font (size 1 1) (thickness 0.15)))
    )
    (fp_line (start -0.25 -0.8) (end -0.25 0.8) (layer F.Fab) (width 0.1))
    (fp_line (start -0.25 0.8) (end 2.75 0.8) (layer F.Fab) (width 0.1))
    (fp_line (start 2.75 0.8) (end 2.75 -0.8) (layer F.Fab) (width 0.1))
    (fp_line (start 2.75 -0.8) (end -0.25 -0.8) (layer F.Fab) (width 0.1))
    (fp_line (start 0.663 -0.861) (end 1.837 -0.861) (layer F.SilkS) (width 0.12))
    (fp_line (start 0.663 0.861) (end 1.837 0.861) (layer F.SilkS) (width 0.12))
    (fp_line (start -1.05 -1.15) (end -1.05 1.15) (layer F.CrtYd) (width 0.05))
    (fp_line (start -1.05 1.15) (end 3.55 1.15) (layer F.CrtYd) (width 0.05))
    (fp_line (start 3.55 1.15) (end 3.55 -1.15) (layer F.CrtYd) (width 0.05))
    (fp_line (start 3.55 -1.15) (end -1.05 -1.15) (layer F.CrtYd) (width 0.05))
    (fp_text user %R (at 1.25 0) (layer F.Fab)
      (effects (font (size 1 1) (thickness 0.15)))
    )
    (pad 1 thru_hole circle (at 0 0) (size 1.6 1.6) (drill 0.8) (layers *.Cu *.Mask)
      (net 56 "Net-(A1-Pad15)"))
    (pad 2 thru_hole circle (at 2.5 0) (size 1.6 1.6) (drill 0.8) (layers *.Cu *.Mask)
      (net 14 "Net-(A1-Pad29)"))
    (model ${KISYS3DMOD}/Capacitor_THT.3dshapes/C_Disc_D3.0mm_W1.6mm_P2.50mm.wrl
      (at (xyz 0 0 0))
      (scale (xyz 1 1 1))
      (rotate (xyz 0 0 0))
    )
  )

  (module Capacitor_THT:C_Disc_D3.0mm_W1.6mm_P2.50mm (layer F.Cu) (tedit 5A142A3B) (tstamp 5ADD02DA)
    (at 94.6 123.55 180)
    (descr "C, Disc series, Radial, pin pitch=2.50mm, diameter*width=3.0*1.6mm^2, Capacitor, http://www.vishay.com/docs/45233/krseries.pdf")
    (tags "C Disc series Radial pin pitch 2.50mm  diameter 3.0mm width 1.6mm Capacitor")
    (path /5AD1C962)
    (fp_text reference C5 (at 1.25 -2.11 180) (layer F.SilkS)
      (effects (font (size 1 1) (thickness 0.15)))
    )
    (fp_text value 100n (at 1.25 2.11 180) (layer F.Fab)
      (effects (font (size 1 1) (thickness 0.15)))
    )
    (fp_text user %R (at 1.25 0 180) (layer F.Fab)
      (effects (font (size 1 1) (thickness 0.15)))
    )
    (fp_line (start 3.55 -1.15) (end -1.05 -1.15) (layer F.CrtYd) (width 0.05))
    (fp_line (start 3.55 1.15) (end 3.55 -1.15) (layer F.CrtYd) (width 0.05))
    (fp_line (start -1.05 1.15) (end 3.55 1.15) (layer F.CrtYd) (width 0.05))
    (fp_line (start -1.05 -1.15) (end -1.05 1.15) (layer F.CrtYd) (width 0.05))
    (fp_line (start 0.663 0.861) (end 1.837 0.861) (layer F.SilkS) (width 0.12))
    (fp_line (start 0.663 -0.861) (end 1.837 -0.861) (layer F.SilkS) (width 0.12))
    (fp_line (start 2.75 -0.8) (end -0.25 -0.8) (layer F.Fab) (width 0.1))
    (fp_line (start 2.75 0.8) (end 2.75 -0.8) (layer F.Fab) (width 0.1))
    (fp_line (start -0.25 0.8) (end 2.75 0.8) (layer F.Fab) (width 0.1))
    (fp_line (start -0.25 -0.8) (end -0.25 0.8) (layer F.Fab) (width 0.1))
    (pad 2 thru_hole circle (at 2.5 0 180) (size 1.6 1.6) (drill 0.8) (layers *.Cu *.Mask)
      (net 14 "Net-(A1-Pad29)"))
    (pad 1 thru_hole circle (at 0 0 180) (size 1.6 1.6) (drill 0.8) (layers *.Cu *.Mask)
      (net 53 "Net-(A1-Pad13)"))
    (model ${KISYS3DMOD}/Capacitor_THT.3dshapes/C_Disc_D3.0mm_W1.6mm_P2.50mm.wrl
      (at (xyz 0 0 0))
      (scale (xyz 1 1 1))
      (rotate (xyz 0 0 0))
    )
  )

  (module Capacitor_THT:C_Disc_D3.0mm_W1.6mm_P2.50mm (layer F.Cu) (tedit 5A142A3B) (tstamp 5ADD02C9)
    (at 102.2 123.65 180)
    (descr "C, Disc series, Radial, pin pitch=2.50mm, diameter*width=3.0*1.6mm^2, Capacitor, http://www.vishay.com/docs/45233/krseries.pdf")
    (tags "C Disc series Radial pin pitch 2.50mm  diameter 3.0mm width 1.6mm Capacitor")
    (path /5AD1C9C3)
    (fp_text reference C6 (at 1.25 -2.11 180) (layer F.SilkS)
      (effects (font (size 1 1) (thickness 0.15)))
    )
    (fp_text value 100n (at 1.25 2.11 180) (layer F.Fab)
      (effects (font (size 1 1) (thickness 0.15)))
    )
    (fp_line (start -0.25 -0.8) (end -0.25 0.8) (layer F.Fab) (width 0.1))
    (fp_line (start -0.25 0.8) (end 2.75 0.8) (layer F.Fab) (width 0.1))
    (fp_line (start 2.75 0.8) (end 2.75 -0.8) (layer F.Fab) (width 0.1))
    (fp_line (start 2.75 -0.8) (end -0.25 -0.8) (layer F.Fab) (width 0.1))
    (fp_line (start 0.663 -0.861) (end 1.837 -0.861) (layer F.SilkS) (width 0.12))
    (fp_line (start 0.663 0.861) (end 1.837 0.861) (layer F.SilkS) (width 0.12))
    (fp_line (start -1.05 -1.15) (end -1.05 1.15) (layer F.CrtYd) (width 0.05))
    (fp_line (start -1.05 1.15) (end 3.55 1.15) (layer F.CrtYd) (width 0.05))
    (fp_line (start 3.55 1.15) (end 3.55 -1.15) (layer F.CrtYd) (width 0.05))
    (fp_line (start 3.55 -1.15) (end -1.05 -1.15) (layer F.CrtYd) (width 0.05))
    (fp_text user %R (at 1.25 0 180) (layer F.Fab)
      (effects (font (size 1 1) (thickness 0.15)))
    )
    (pad 1 thru_hole circle (at 0 0 180) (size 1.6 1.6) (drill 0.8) (layers *.Cu *.Mask)
      (net 51 "Net-(A1-Pad12)"))
    (pad 2 thru_hole circle (at 2.5 0 180) (size 1.6 1.6) (drill 0.8) (layers *.Cu *.Mask)
      (net 14 "Net-(A1-Pad29)"))
    (model ${KISYS3DMOD}/Capacitor_THT.3dshapes/C_Disc_D3.0mm_W1.6mm_P2.50mm.wrl
      (at (xyz 0 0 0))
      (scale (xyz 1 1 1))
      (rotate (xyz 0 0 0))
    )
  )

  (module Resistor_THT:R_Axial_DIN0204_L3.6mm_D1.6mm_P5.08mm_Horizontal (layer F.Cu) (tedit 5A24F4B6) (tstamp 5ADD00C0)
    (at 86.7 116.12 270)
    (descr "Resistor, Axial_DIN0204 series, Axial, Horizontal, pin pitch=5.08mm, 0.167W, length*diameter=3.6*1.6mm^2, http://cdn-reichelt.de/documents/datenblatt/B400/1_4W%23YAG.pdf")
    (tags "Resistor Axial_DIN0204 series Axial Horizontal pin pitch 5.08mm 0.167W length 3.6mm diameter 1.6mm")
    (path /5AD1C6E7)
    (fp_text reference R1 (at 2.54 -1.92 270) (layer F.SilkS)
      (effects (font (size 1 1) (thickness 0.15)))
    )
    (fp_text value 4k7 (at 2.54 1.92 270) (layer F.Fab)
      (effects (font (size 1 1) (thickness 0.15)))
    )
    (fp_line (start 0.74 -0.8) (end 0.74 0.8) (layer F.Fab) (width 0.1))
    (fp_line (start 0.74 0.8) (end 4.34 0.8) (layer F.Fab) (width 0.1))
    (fp_line (start 4.34 0.8) (end 4.34 -0.8) (layer F.Fab) (width 0.1))
    (fp_line (start 4.34 -0.8) (end 0.74 -0.8) (layer F.Fab) (width 0.1))
    (fp_line (start 0 0) (end 0.74 0) (layer F.Fab) (width 0.1))
    (fp_line (start 5.08 0) (end 4.34 0) (layer F.Fab) (width 0.1))
    (fp_line (start 0.62 -0.92) (end 4.46 -0.92) (layer F.SilkS) (width 0.12))
    (fp_line (start 0.62 0.92) (end 4.46 0.92) (layer F.SilkS) (width 0.12))
    (fp_line (start -0.95 -1.2) (end -0.95 1.2) (layer F.CrtYd) (width 0.05))
    (fp_line (start -0.95 1.2) (end 6.05 1.2) (layer F.CrtYd) (width 0.05))
    (fp_line (start 6.05 1.2) (end 6.05 -1.2) (layer F.CrtYd) (width 0.05))
    (fp_line (start 6.05 -1.2) (end -0.95 -1.2) (layer F.CrtYd) (width 0.05))
    (fp_text user %R (at 2.54 0 270) (layer F.Fab)
      (effects (font (size 0.72 0.72) (thickness 0.108)))
    )
    (pad 1 thru_hole circle (at 0 0 270) (size 1.4 1.4) (drill 0.7) (layers *.Cu *.Mask)
      (net 15 "Net-(A1-Pad27)"))
    (pad 2 thru_hole oval (at 5.08 0 270) (size 1.4 1.4) (drill 0.7) (layers *.Cu *.Mask)
      (net 56 "Net-(A1-Pad15)"))
    (model ${KISYS3DMOD}/Resistor_THT.3dshapes/R_Axial_DIN0204_L3.6mm_D1.6mm_P5.08mm_Horizontal.wrl
      (at (xyz 0 0 0))
      (scale (xyz 1 1 1))
      (rotate (xyz 0 0 0))
    )
  )

  (module Resistor_THT:R_Axial_DIN0204_L3.6mm_D1.6mm_P5.08mm_Horizontal (layer F.Cu) (tedit 5A24F4B6) (tstamp 5ADD00AD)
    (at 100.3 114.47 270)
    (descr "Resistor, Axial_DIN0204 series, Axial, Horizontal, pin pitch=5.08mm, 0.167W, length*diameter=3.6*1.6mm^2, http://cdn-reichelt.de/documents/datenblatt/B400/1_4W%23YAG.pdf")
    (tags "Resistor Axial_DIN0204 series Axial Horizontal pin pitch 5.08mm 0.167W length 3.6mm diameter 1.6mm")
    (path /5AD1C79E)
    (fp_text reference R2 (at 2.54 -1.92 270) (layer F.SilkS)
      (effects (font (size 1 1) (thickness 0.15)))
    )
    (fp_text value 4k7 (at 2.54 1.92 270) (layer F.Fab)
      (effects (font (size 1 1) (thickness 0.15)))
    )
    (fp_text user %R (at 2.54 0 270) (layer F.Fab)
      (effects (font (size 0.72 0.72) (thickness 0.108)))
    )
    (fp_line (start 6.05 -1.2) (end -0.95 -1.2) (layer F.CrtYd) (width 0.05))
    (fp_line (start 6.05 1.2) (end 6.05 -1.2) (layer F.CrtYd) (width 0.05))
    (fp_line (start -0.95 1.2) (end 6.05 1.2) (layer F.CrtYd) (width 0.05))
    (fp_line (start -0.95 -1.2) (end -0.95 1.2) (layer F.CrtYd) (width 0.05))
    (fp_line (start 0.62 0.92) (end 4.46 0.92) (layer F.SilkS) (width 0.12))
    (fp_line (start 0.62 -0.92) (end 4.46 -0.92) (layer F.SilkS) (width 0.12))
    (fp_line (start 5.08 0) (end 4.34 0) (layer F.Fab) (width 0.1))
    (fp_line (start 0 0) (end 0.74 0) (layer F.Fab) (width 0.1))
    (fp_line (start 4.34 -0.8) (end 0.74 -0.8) (layer F.Fab) (width 0.1))
    (fp_line (start 4.34 0.8) (end 4.34 -0.8) (layer F.Fab) (width 0.1))
    (fp_line (start 0.74 0.8) (end 4.34 0.8) (layer F.Fab) (width 0.1))
    (fp_line (start 0.74 -0.8) (end 0.74 0.8) (layer F.Fab) (width 0.1))
    (pad 2 thru_hole oval (at 5.08 0 270) (size 1.4 1.4) (drill 0.7) (layers *.Cu *.Mask)
      (net 53 "Net-(A1-Pad13)"))
    (pad 1 thru_hole circle (at 0 0 270) (size 1.4 1.4) (drill 0.7) (layers *.Cu *.Mask)
      (net 15 "Net-(A1-Pad27)"))
    (model ${KISYS3DMOD}/Resistor_THT.3dshapes/R_Axial_DIN0204_L3.6mm_D1.6mm_P5.08mm_Horizontal.wrl
      (at (xyz 0 0 0))
      (scale (xyz 1 1 1))
      (rotate (xyz 0 0 0))
    )
  )

  (module Resistor_THT:R_Axial_DIN0204_L3.6mm_D1.6mm_P5.08mm_Horizontal (layer F.Cu) (tedit 5A24F4B6) (tstamp 5AFD14A4)
    (at 102.9 114.47 270)
    (descr "Resistor, Axial_DIN0204 series, Axial, Horizontal, pin pitch=5.08mm, 0.167W, length*diameter=3.6*1.6mm^2, http://cdn-reichelt.de/documents/datenblatt/B400/1_4W%23YAG.pdf")
    (tags "Resistor Axial_DIN0204 series Axial Horizontal pin pitch 5.08mm 0.167W length 3.6mm diameter 1.6mm")
    (path /5AD1C7F6)
    (fp_text reference R3 (at 2.54 -1.92 270) (layer F.SilkS)
      (effects (font (size 1 1) (thickness 0.15)))
    )
    (fp_text value 4k7 (at 2.54 1.92 270) (layer F.Fab)
      (effects (font (size 1 1) (thickness 0.15)))
    )
    (fp_line (start 0.74 -0.8) (end 0.74 0.8) (layer F.Fab) (width 0.1))
    (fp_line (start 0.74 0.8) (end 4.34 0.8) (layer F.Fab) (width 0.1))
    (fp_line (start 4.34 0.8) (end 4.34 -0.8) (layer F.Fab) (width 0.1))
    (fp_line (start 4.34 -0.8) (end 0.74 -0.8) (layer F.Fab) (width 0.1))
    (fp_line (start 0 0) (end 0.74 0) (layer F.Fab) (width 0.1))
    (fp_line (start 5.08 0) (end 4.34 0) (layer F.Fab) (width 0.1))
    (fp_line (start 0.62 -0.92) (end 4.46 -0.92) (layer F.SilkS) (width 0.12))
    (fp_line (start 0.62 0.92) (end 4.46 0.92) (layer F.SilkS) (width 0.12))
    (fp_line (start -0.95 -1.2) (end -0.95 1.2) (layer F.CrtYd) (width 0.05))
    (fp_line (start -0.95 1.2) (end 6.05 1.2) (layer F.CrtYd) (width 0.05))
    (fp_line (start 6.05 1.2) (end 6.05 -1.2) (layer F.CrtYd) (width 0.05))
    (fp_line (start 6.05 -1.2) (end -0.95 -1.2) (layer F.CrtYd) (width 0.05))
    (fp_text user %R (at 2.54 0 270) (layer F.Fab)
      (effects (font (size 0.72 0.72) (thickness 0.108)))
    )
    (pad 1 thru_hole circle (at 0 0 270) (size 1.4 1.4) (drill 0.7) (layers *.Cu *.Mask)
      (net 15 "Net-(A1-Pad27)"))
    (pad 2 thru_hole oval (at 5.08 0 270) (size 1.4 1.4) (drill 0.7) (layers *.Cu *.Mask)
      (net 51 "Net-(A1-Pad12)"))
    (model ${KISYS3DMOD}/Resistor_THT.3dshapes/R_Axial_DIN0204_L3.6mm_D1.6mm_P5.08mm_Horizontal.wrl
      (at (xyz 0 0 0))
      (scale (xyz 1 1 1))
      (rotate (xyz 0 0 0))
    )
  )

  (module Capacitor_THT:CP_Radial_D8.0mm_P2.50mm (layer F.Cu) (tedit 5A533290) (tstamp 5AD8949F)
    (at 64.77 123.19 180)
    (descr "CP, Radial series, Radial, pin pitch=2.50mm, , diameter=8mm, Electrolytic Capacitor")
    (tags "CP Radial series Radial pin pitch 2.50mm  diameter 8mm Electrolytic Capacitor")
    (path /5AC28566)
    (fp_text reference C1 (at 1.25 -5.37 180) (layer F.SilkS)
      (effects (font (size 1 1) (thickness 0.15)))
    )
    (fp_text value 100u (at 1.25 5.37 180) (layer F.Fab)
      (effects (font (size 1 1) (thickness 0.15)))
    )
    (fp_circle (center 1.25 0) (end 5.25 0) (layer F.Fab) (width 0.1))
    (fp_circle (center 1.25 0) (end 5.37 0) (layer F.SilkS) (width 0.12))
    (fp_circle (center 1.25 0) (end 5.5 0) (layer F.CrtYd) (width 0.05))
    (fp_line (start -2.176759 -1.7475) (end -1.376759 -1.7475) (layer F.Fab) (width 0.1))
    (fp_line (start -1.776759 -2.1475) (end -1.776759 -1.3475) (layer F.Fab) (width 0.1))
    (fp_line (start 1.25 -4.08) (end 1.25 4.08) (layer F.SilkS) (width 0.12))
    (fp_line (start 1.29 -4.08) (end 1.29 4.08) (layer F.SilkS) (width 0.12))
    (fp_line (start 1.33 -4.08) (end 1.33 4.08) (layer F.SilkS) (width 0.12))
    (fp_line (start 1.37 -4.079) (end 1.37 4.079) (layer F.SilkS) (width 0.12))
